110920001300
110920001301
110920001302
110920001303
110920001304
110920001305
110920001306
110920001307
110920001308
110920001309
110920001310
110920001311
110920001312
110920001313
110920001314
110920001315
110920001316
110920001317
110920001318
110920001319
110920001320
110920001321
110920001322
110920001323
110920001324
110920001325
110920001326
110920001327
110920001328
110920001329
110920001330
110920001331
110920001332
110920001333
110920001334
110920001335
110920001336
110920001337
110920001338
110920001339
110920001340
110920001341
110920001342
110920001343
110920001344
110920001345
110920001346
110920001347
110920001348
110920001349
110920001350
110920001351
110920001352
110920001353
110920001354
110920001355
110920001356
110920001357
110920001358
110920001359
110920001360
110920001361
110920001362
110920001363
110920001364
110920001365
110920001366
110920001367
110920001368
110920001369
110920001370
110920001371
110920001372
110920001373
110920001374
110920001375
110920001376
110920001377
110920001378
110920001379
110920001380
110920001381
110920001382
110920001383
110920001384
110920001385
110920001386
110920001387
110920001388
110920001389
110920001390
110920001391
110920001392
110920001393
110920001394
110920001395
110920001396
110920001397
110920001398
110920001399